696 514 340
normal 279 80 -33 49 0.5 0.7
dual 67 324 -14 -24 0.3 1
fissile 259 425 25 -26 0.1 0.6
dual 398 507 22 -50 0.4 0.6
dual_fissile 351 281 38 -29 0.2 0.2
photonic 322 277 -48 -37 0.2 0.6
dual_fissile 413 210 -45 -42 0.2 0.4
dual_fissile 128 392 12 -42 0.5 0.2
photonic 43 173 -3 6 0.5 0.5
dual 41 80 20 -10 0.4 0.1
photonic 441 413 2 5 0.4 0.3
normal 447 80 -39 21 0.5 0.7
normal 169 374 -14 -42 0.4 0.4
photonic 68 345 -16 41 0.3 0.2
photonic 192 380 11 -45 0.2 0.9
photonic 55 512 -39 -4 0.2 0.6
dual 30 364 -6 33 0.3 0.8
fissile 349 293 -42 40 0.3 0.8
photonic 353 325 1 -6 0.5 0.2

